59844
22213
52770
16825
9790
56900
21671
27681
7080
28366
30656
16335
31532
23857
13638
19726
7220
33105
15050
8135
12615
24015
51873
27424
21822
27671
9433
44022
43312
15878
31987
35033
29765
13639
50584
45748
56404
36898
12145
11760
20152
27207
26470
43010
31923
50990
32694
16425
53208
31974
54871
8045
32499
45874
58027
17691
32823
26368
46546
33590
12175
16381
42866
22122
56919
39225
9415
32585
33407
28018
14030
32723
32762
5237
26594
41759
33160
26991
57159
29940
9542
37815
30775
25918
59272
36016
42867
31839
27815
34309
32722
23487
14339
39915
28786
32422
48559
6681
14117
